CENTLON = -45.2070410156
IMONTH = 8
ITIME1 = 0100
NNXP = 1
DELTAY = 1
NNYP = 1
TIMMAX = 1
IYEAR = 2016
DELTAX = 1
CENTLAT = -22.8322815517
TIMEUNIT = h
IDATE1 = 10
EXPNME = tes
