CENTLON = -45.2331335449
IMONTH = 7
ITIME1 = 42
NNXP = 4
DELTAY = 2000
NNYP = 4
TIMMAX = 12
IYEAR = 2016
DELTAX = 2000
CENTLAT = -22.8544324109
TIMEUNIT = m
IDATE1 = 13
EXPNME = Aparecida
